# Minimum and maximum values of carbon release and melt flux.
# 1: Time (Myr)
# 2: MIN Carbon flux (mol/yr)
# 3: MAX Carbon Flux (mol/yr)
# 4: MIN Melt flux (km3/yr)
# 5: MAX Melt flux (km3/yr)
0.000000e+00	1.256079e+11	4.518506e+12	9.054998e-02	9.457493e+00
1.000000e-01	2.129751e+11	1.002262e+13	2.674208e-01	3.178414e+01
2.000000e-01	2.484337e+11	9.027535e+12	3.506658e-01	2.805226e+01
3.000000e-01	2.535209e+11	1.500992e+13	3.862031e-01	2.864759e+01
4.000000e-01	2.622929e+11	1.136374e+13	4.021868e-01	3.619336e+01
5.000000e-01	2.967131e+11	8.918892e+12	4.191721e-01	3.175615e+01
6.000000e-01	2.565331e+11	8.745963e+12	4.277343e-01	2.705520e+01
7.000000e-01	2.129482e+11	7.007197e+12	4.048551e-01	2.688864e+01
8.000000e-01	1.971974e+11	6.464952e+12	3.813746e-01	2.433163e+01
9.000000e-01	1.880412e+11	6.017300e+12	3.626618e-01	1.976541e+01
1.000000e+00	1.853312e+11	4.912378e+12	3.444543e-01	1.786871e+01
1.100000e+00	1.802615e+11	5.095593e+12	3.305851e-01	1.723655e+01
1.200000e+00	1.760081e+11	4.037766e+12	3.149146e-01	1.661308e+01
1.300000e+00	1.681441e+11	4.239889e+12	3.041263e-01	1.536427e+01
1.400000e+00	1.645507e+11	3.387946e+12	2.904034e-01	1.375030e+01
1.500000e+00	1.709038e+11	3.288101e+12	2.818192e-01	1.257190e+01
1.600000e+00	1.720622e+11	4.362034e+12	2.732504e-01	1.185486e+01
1.700000e+00	1.807432e+11	3.856291e+12	2.677361e-01	1.104503e+01
1.800000e+00	1.775863e+11	3.408248e+12	2.625482e-01	9.932798e+00
1.900000e+00	1.703727e+11	3.169498e+12	2.542789e-01	9.091079e+00
2.000000e+00	1.715879e+11	3.078952e+12	2.455753e-01	8.496690e+00
2.100000e+00	1.652607e+11	2.795536e+12	2.388566e-01	8.152397e+00
2.200000e+00	1.630494e+11	2.483199e+12	2.322133e-01	7.884849e+00
2.300000e+00	1.535974e+11	2.227343e+12	2.277730e-01	7.509781e+00
2.400000e+00	1.447242e+11	1.991096e+12	2.217309e-01	6.939955e+00
2.500000e+00	1.453350e+11	1.868888e+12	2.133018e-01	6.460441e+00
2.600000e+00	1.497992e+11	1.701592e+12	2.091467e-01	6.007221e+00
2.700000e+00	1.541064e+11	1.537926e+12	2.048036e-01	5.639234e+00
2.800000e+00	1.364113e+11	1.487403e+12	2.018521e-01	5.383964e+00
2.900000e+00	1.387041e+11	1.346593e+12	2.008923e-01	5.204394e+00
3.000000e+00	1.341625e+11	1.267410e+12	2.006934e-01	5.052955e+00
3.100000e+00	1.283144e+11	1.199438e+12	2.008823e-01	4.926268e+00
3.200000e+00	1.213384e+11	1.114861e+12	2.013530e-01	4.806674e+00
3.300000e+00	1.170790e+11	1.069750e+12	2.052773e-01	4.691515e+00
3.400000e+00	1.076950e+11	1.119622e+12	2.122962e-01	4.584569e+00
3.500000e+00	9.706075e+10	1.397828e+12	2.224236e-01	4.499239e+00
3.600000e+00	9.035251e+10	1.546192e+12	2.324739e-01	4.411542e+00
3.700000e+00	8.672555e+10	1.350721e+12	2.407291e-01	4.305960e+00
3.800000e+00	7.619860e+10	1.176245e+12	2.456463e-01	4.135563e+00
3.900000e+00	7.573044e+10	1.038538e+12	2.474698e-01	3.973647e+00
4.000000e+00	7.583070e+10	9.327378e+11	2.495265e-01	3.759828e+00
4.100000e+00	7.783263e+10	8.946455e+11	2.503993e-01	3.585743e+00
4.200000e+00	7.675532e+10	8.693264e+11	2.510624e-01	3.477911e+00
4.300000e+00	7.935419e+10	8.851020e+11	2.533534e-01	3.365027e+00
4.400000e+00	7.685664e+10	9.434982e+11	2.579959e-01	3.247801e+00
4.500000e+00	7.672928e+10	1.278955e+12	2.681012e-01	3.134823e+00
4.600000e+00	7.782087e+10	1.281712e+12	2.751878e-01	3.027026e+00
4.700000e+00	7.832493e+10	1.051028e+12	2.782747e-01	2.915332e+00
4.800000e+00	8.077501e+10	9.320148e+11	2.793170e-01	2.827713e+00
4.900000e+00	7.912223e+10	8.149687e+11	2.806695e-01	2.741114e+00
5.000000e+00	7.767161e+10	7.230240e+11	2.790249e-01	2.651422e+00
5.100000e+00	7.553002e+10	6.916477e+11	2.777276e-01	2.570525e+00
5.200000e+00	7.550988e+10	6.793738e+11	2.776978e-01	2.523076e+00
5.300000e+00	7.711456e+10	6.548633e+11	2.772534e-01	2.463654e+00
5.400000e+00	7.699819e+10	6.307123e+11	2.761685e-01	2.419837e+00
5.500000e+00	7.907667e+10	6.352947e+11	2.750116e-01	2.369771e+00
5.600000e+00	7.975857e+10	6.031920e+11	2.721714e-01	2.318825e+00
5.700000e+00	7.912149e+10	6.017134e+11	2.701055e-01	2.280235e+00
5.800000e+00	7.972289e+10	6.058076e+11	2.671942e-01	2.217949e+00
5.900000e+00	7.808681e+10	5.846846e+11	2.649925e-01	2.169318e+00
6.000000e+00	8.040409e+10	6.139807e+11	2.632614e-01	2.124850e+00
6.100000e+00	8.045397e+10	5.786623e+11	2.603633e-01	2.080771e+00
6.200000e+00	8.020660e+10	5.445255e+11	2.576042e-01	2.044536e+00
6.300000e+00	8.091916e+10	5.370898e+11	2.545322e-01	2.005945e+00
6.400000e+00	8.018444e+10	5.274402e+11	2.502046e-01	1.957229e+00
6.500000e+00	8.057883e+10	5.479913e+11	2.468487e-01	1.972894e+00
6.600000e+00	8.287954e+10	5.709839e+11	2.458102e-01	1.984233e+00
6.700000e+00	8.141459e+10	5.817977e+11	2.439487e-01	2.013538e+00
6.800000e+00	8.233431e+10	5.485143e+11	2.402031e-01	2.016930e+00
6.900000e+00	8.146979e+10	5.239289e+11	2.370179e-01	2.043833e+00
7.000000e+00	7.993361e+10	5.097112e+11	2.339372e-01	2.054871e+00
7.100000e+00	7.950313e+10	5.173097e+11	2.311831e-01	2.056313e+00
7.200000e+00	8.055182e+10	5.192993e+11	2.284555e-01	2.072134e+00
7.300000e+00	7.976066e+10	5.199991e+11	2.260877e-01	2.092716e+00
7.400000e+00	7.960638e+10	5.054848e+11	2.235933e-01	2.111202e+00
7.500000e+00	7.962821e+10	4.950650e+11	2.211285e-01	2.116656e+00
7.600000e+00	7.909202e+10	4.917050e+11	2.180562e-01	2.130410e+00
7.700000e+00	7.964645e+10	4.828347e+11	2.154117e-01	2.140758e+00
7.800000e+00	7.975294e+10	4.499042e+11	2.129703e-01	2.173485e+00
7.900000e+00	7.982733e+10	4.461608e+11	2.107788e-01	2.163327e+00
8.000000e+00	8.076850e+10	4.323259e+11	2.082382e-01	2.175653e+00
8.100000e+00	7.982934e+10	4.323373e+11	2.052406e-01	2.170929e+00
8.200000e+00	7.867932e+10	4.212499e+11	2.028536e-01	2.180116e+00
8.300000e+00	7.860164e+10	4.110164e+11	1.994763e-01	2.168961e+00
8.400000e+00	7.834527e+10	4.153208e+11	1.969163e-01	2.175826e+00
8.500000e+00	8.053842e+10	4.018456e+11	1.947225e-01	2.170101e+00
8.600000e+00	7.917859e+10	4.009749e+11	1.923784e-01	2.158542e+00
8.700000e+00	8.070165e+10	3.915105e+11	1.907802e-01	2.153824e+00
8.800000e+00	7.985051e+10	3.844028e+11	1.889137e-01	2.144788e+00
8.900000e+00	7.925782e+10	3.824603e+11	1.867527e-01	2.132079e+00
9.000000e+00	7.946444e+10	3.810779e+11	1.851447e-01	2.123381e+00
9.100000e+00	7.967002e+10	3.942572e+11	1.832295e-01	2.115725e+00
9.200000e+00	7.755317e+10	3.744968e+11	1.819268e-01	2.116823e+00
9.300000e+00	7.722306e+10	3.797978e+11	1.784297e-01	2.099641e+00
9.400000e+00	8.044667e+10	3.779345e+11	1.769636e-01	2.077206e+00
9.500000e+00	8.033009e+10	3.796218e+11	1.757521e-01	2.084021e+00
9.600000e+00	7.807937e+10	3.753770e+11	1.745352e-01	2.061613e+00
9.700000e+00	7.986132e+10	3.786932e+11	1.738404e-01	2.039278e+00
9.800000e+00	7.834897e+10	3.829580e+11	1.713290e-01	2.022791e+00
9.900000e+00	7.929656e+10	3.859084e+11	1.696801e-01	2.012605e+00
